7	3	E	-978264.5238673344	200
probinit	1	8.975539447551247E-171
probinit	2	0.04552113927122499
probinit	3	0.954478860728775
probinit	4	0.0
probinit	5	0.0
probinit	6	0.0
probinit	7	0.0
transitionprobs	1	1	0.708242413276044
transitionprobs	1	2	0.004572481438906331
transitionprobs	1	3	0.17975237639568792
transitionprobs	1	4	0.008108016961524838
transitionprobs	1	5	0.0
transitionprobs	1	6	0.09674379885383357
transitionprobs	1	7	0.0025809130740033783
transitionprobs	2	1	0.1361642110113535
transitionprobs	2	2	0.7177631730662625
transitionprobs	2	3	0.0
transitionprobs	2	4	0.08779347443287891
transitionprobs	2	5	0.011915869979718836
transitionprobs	2	6	0.02165355366093811
transitionprobs	2	7	0.024709717848848158
transitionprobs	3	1	0.00446018906052303
transitionprobs	3	2	0.0
transitionprobs	3	3	0.9941321536626796
transitionprobs	3	4	9.835635921809853E-4
transitionprobs	3	5	0.0
transitionprobs	3	6	1.5626134605361508E-4
transitionprobs	3	7	2.6783233856285995E-4
transitionprobs	4	1	0.004670736341043395
transitionprobs	4	2	0.0014078868035329517
transitionprobs	4	3	0.018546940659888152
transitionprobs	4	4	0.6979714056977044
transitionprobs	4	5	0.013197728112556399
transitionprobs	4	6	0.264186718396037
transitionprobs	4	7	1.8583989237655483E-5
transitionprobs	5	1	0.0
transitionprobs	5	2	5.450324222940932E-4
transitionprobs	5	3	0.0
transitionprobs	5	4	0.09765990716842461
transitionprobs	5	5	0.6763725457280115
transitionprobs	5	6	0.022760543862185477
transitionprobs	5	7	0.2026619708190843
transitionprobs	6	1	0.005196874581147412
transitionprobs	6	2	1.5664450648876327E-5
transitionprobs	6	3	1.0046542498135483E-4
transitionprobs	6	4	0.028443202283695446
transitionprobs	6	5	1.5261151526336833E-4
transitionprobs	6	6	0.9456143108135564
transitionprobs	6	7	0.020476870930707134
transitionprobs	7	1	6.952758285614875E-4
transitionprobs	7	2	3.055819337623703E-4
transitionprobs	7	3	0.007823390967471085
transitionprobs	7	4	5.956112797032528E-4
transitionprobs	7	5	0.028727612163820658
transitionprobs	7	6	0.20365661661232942
transitionprobs	7	7	0.7581959112143518
emissionprobs	1	0	H3K27me3	0	0.9872927164037905
emissionprobs	1	0	H3K27me3	1	0.012707283596209502
emissionprobs	1	1	H3K4me3	0	0.9932504287319392
emissionprobs	1	1	H3K4me3	1	0.006749571268060807
emissionprobs	1	2	H3K9me3	0	0.7395461026092301
emissionprobs	1	2	H3K9me3	1	0.2604538973907698
emissionprobs	2	0	H3K27me3	0	0.2975860088712471
emissionprobs	2	0	H3K27me3	1	0.7024139911287528
emissionprobs	2	1	H3K4me3	0	0.47937388056234737
emissionprobs	2	1	H3K4me3	1	0.5206261194376526
emissionprobs	2	2	H3K9me3	0	0.22810506123011284
emissionprobs	2	2	H3K9me3	1	0.7718949387698872
emissionprobs	3	0	H3K27me3	0	0.9974502697393757
emissionprobs	3	0	H3K27me3	1	0.0025497302606243577
emissionprobs	3	1	H3K4me3	0	0.9985422831171148
emissionprobs	3	1	H3K4me3	1	0.0014577168828851484
emissionprobs	3	2	H3K9me3	0	0.9979404496264921
emissionprobs	3	2	H3K9me3	1	0.0020595503735079683
emissionprobs	4	0	H3K27me3	0	0.6396199105269764
emissionprobs	4	0	H3K27me3	1	0.3603800894730236
emissionprobs	4	1	H3K4me3	0	0.9733201668618364
emissionprobs	4	1	H3K4me3	1	0.026679833138163533
emissionprobs	4	2	H3K9me3	0	0.9929141319761924
emissionprobs	4	2	H3K9me3	1	0.007085868023807577
emissionprobs	5	0	H3K27me3	0	0.5182231273336594
emissionprobs	5	0	H3K27me3	1	0.48177687266634067
emissionprobs	5	1	H3K4me3	0	0.24204878242878336
emissionprobs	5	1	H3K4me3	1	0.7579512175712168
emissionprobs	5	2	H3K9me3	0	0.9856200030098798
emissionprobs	5	2	H3K9me3	1	0.014379996990120058
emissionprobs	6	0	H3K27me3	0	0.9960120189920559
emissionprobs	6	0	H3K27me3	1	0.003987981007944141
emissionprobs	6	1	H3K4me3	0	0.9949496712321073
emissionprobs	6	1	H3K4me3	1	0.0050503287678926425
emissionprobs	6	2	H3K9me3	0	0.9970204162437669
emissionprobs	6	2	H3K9me3	1	0.0029795837562331443
emissionprobs	7	0	H3K27me3	0	0.9864751060593852
emissionprobs	7	0	H3K27me3	1	0.013524893940614888
emissionprobs	7	1	H3K4me3	0	0.5505526854627467
emissionprobs	7	1	H3K4me3	1	0.4494473145372532
emissionprobs	7	2	H3K9me3	0	0.9936258938671024
emissionprobs	7	2	H3K9me3	1	0.006374106132897626
